15481444257263066632
2454205474531909287
7074603735429802221
6029484788114799695
9715882028994754819
6959250866285979225
16406918946673804017
759380449569169573
6277219526699544107
6304479581574694267
17083631177371424009
15577891094333432524
8629184027569374361
13312653661398883852
13627420527777823549
7692427359115112040
16171083257238886830
9832126772255016187
15322485882093445585
10051425291083932182
4589878787414157372
16574849791045251345
6342583746025530759
1202172292296619618
9596785331188086810
11386307088658962441
16265734437856973581
5584035035576032537
17159052685607306413
17412270905943903740
17359532114400752195
17907040465394834257
16213963182544295680
14637009802182266808
13808959064821028127
7448078522144727269
9707493904425708329
4586642505561544633
12233513893803348051
3892357589585404302
10949735196575077012
6163953202188784192
1415493257911165742
2815423784546730827
6561151415390133638
16240167012301936659
11233454424952905856
1994608189748613273
16265670112010389982
225589620322983413
5906480952569825361
16314817491886433767
8343627826358497836
820596919406877474
3738717960464855495
13108348272793299001
3877507487844370621
10823261879424875423
17410311126258112494
17504879618855185782
15640150490795775600
8758080207387155265
12585916550322728644
10050132276457109376
5305587616425650936
1447162354213132891
12258650854272686850
1595542184850929110
205639930787167484
11776578874829757844
15724493038735868596
14036888634532328086
16890295146625746623
6640168909727337832
13081120503728069398
13929882322981847636
14425536987418088301
14385385181672383400
3642760758148594373
16267946737318689642
6870699453780764150
17808114639655072113
9459394511426574978
7102448561795503482
12264253914348969933
1966173208625119962
11798132321528154256
12546745632097549614
11478468477081037134
4198424783341857880
5513024712201590377
3155894935409448848
5617006947290567115
6218352571232089465
18156451587986281224
7145150833765007152
4277398313891271310
11356389144533876076
13102270736822700223
3291064006083199583
12611892931483080782
11493252700640695567
3602014775957731625
5908597747108195380
7966328796446702729
16056836376165530389
8819805158675205609
1815779819423618716
14425989785299901911
3080100101678357418
17211433974198598831
5286184558628579028
9085764384305948353
13560232423106882965
18373747482629797796
11035342162461107999
3579988615302575199
1445766359049950695
15608470260545008283
7960692189114381884
9786088974220173950
14120503389967140471
9827965566159069022
486604735676870314
15862423939017216729
3926139277889026754
3218144016026255409
11450778964440100965
9211723926523119284
3907610210163213109
13769508744846052124
18078548654086831327
13949260631698491542
5407123542255374988
7948767227229710736
12014075579948017739
3788948390801303545
9806968537157124126
2261239821178204593
9893839764683910491
3267277614953279345
11209052771184376743
10732598190034869727
300622615022728744
353159033565840696
16511312932957657731
8186375714061064293
16257940728794814329
14379676212119329418
9526456645730482223
16843030079796009367
13092714019016385416
3908239115692271351
2310674340574820581
358239720843339465
67848406719450104
15150111107450785240
7812625180725922023
2065723460046616463
14818573377198955206
4978445171512440242
15065625076113235072
3191795997461626469
8481600175133417446
12651489488609360806
6812998571125928870
2085516793805898956
9835104228830189908
14779234744497794223
3412963874921410019
8712801302847806111
13504945014299124665
13075958603081105756
7019790242661463567
5488849778838789202
6014762672057421801
10049671545052933832
11948527844120285439
12976913275444674952
186316684696491688
14459159545618931825
14072602960920062678
9726596115847146354
6136319732498340790
10225376527886672346
9210527407032433786
10307196402874445346
7219898100189253098
1339880710517459546
15927128279883209209
11485361576222318198
8269395575723634037
13199380054122506460
17433479461322809219
6905581482579990356
14054210541375049
14838937192882635631
5493354414011817976
14108797141282896454
11600745630130124207
8074681409397462759
5551317395688771029
5889651297000130968
14260230808597862667
11726301803715652993
14837101023777721597
15542440844441136642
6546626254028283545
2683607846691200636
15725230948597884779
17497866002100668178
12961659324531588116
543760174077536419
12066722088083457199
5913774457114846905
2681824632773094660
10804177504277533843
6219853022967795152
13387844277294004198
2953522288770626944
17776260204766568807
8326974853606687651
4512023848398772910
1283361499039177157
16577083866509332330
18012608007287300940
17063871683760578191
11237124918525348905
3068374170754841136
13061366898352539704
2077451051949227822
12957809245287910259
3873654049309736879
16633672528991817514
13466210855896428119
8924531057288415023
3078181644579518831
9125641292553416121
16735286838585114219
7911066626550250097
11662382545467876042
4541845999888640871
4019161527790542478
15645838863223865088
5732561559854296626
285354368659412911
13649248215404563644
6061989678596437573
16262248280688316309
17402002676114079425
3163130694466540065
893141028337795367
1912090271299629596
3294221272993125645
7658517874622311417
5575379173404252055
15456145395075234406
3127875609456153699
952688841055488829
13324681082644953691
487002081887425165
11589980245354833355
1387323802585653787
11752503581850511564
580124229028268492
1571586713446374739
3333184031460667066
2877858204065298542
1805038667047152148
316439837820593825
6969348995199293297
1576475387537010914
3263944276738538499
16508037959070216101
530923505222019892
13586003467286845632
7557612549942137431
13977750806685327394
17099245091678572463
2813923333401368309
1370012180185303260
3646232292383122667
11533026170536152938
948151206040299679
14224914280999050667
11284461200015043500
4920091964556666539
533447477310630137
17481315997952589487
14684301744048408380
8695253169698836905
8273038789793340052
14675134571604447926
13415762877895008467
17550836932760388953
11141973859504717370
3122341508173648267
813924797696650432
12596849952699736570
3848843754564565583
3860954709310062956
331712543635414080
13799167272526953318
6373159272081909025
208128702971356804
10025827370729090645
4397791146322207741
2485546991002388529
12865747978335529534
14734603956739754338
9084211451654103931
15416944638828723816
6928269026243363302
10419186763059112017
16887669657653314634
14646085247382914849
17644978541964858204
12866205517329753851
6447316246627391857
16183220272823799589
9456842429448836769
2999316256912524645
8584820569822287772
12901920253160374682
4744117116465579975
1668791626402556329
14574027160496463976
14311630069734553860
1235362666720589705
13261311090690866492
6878851235547292916
6267628665213740229
17288852312781115289
10498132038730861920
16504653065978333438
623482833870289863
10117042783228686630
13536419684834789313
3323517947180443000
16252886701070383362
14935267014849036449
14139766589464769050
6869216571089736819
1268466085362923560
8622974721103625542
16820065605739188157
11909917420456667590
6602541047148876754
7320859708436723250
10838584945418224918
12842688740993015654
3880918218897646092
6070279400928735037
10516914821304819115
11316367075185288209
11810427541952493822
12403150903521345909
8535724511698117933
18127429654107183759
15292887599217194469
835028087122054931
3564594226961679209
7439595096405501050
18219997185615554359
6012220046637245067
6877293391743731267
8760952121948477355
12448895536509064864
13905749025228207144
10573094405050521726
14799322017180709012
3811485189811780759
8747830467142302370
6652693246568847667
11744914934461105602
15047251772896218129
11620292357125119924
13009199386574198706
3663623871334850040
14214627837066021704
13920147636106818156
5228239883567501697
8005067007537463643
8061535285243567877
8157754132776715540
11725255539845596318
2515483135845326729
10500776377591809588
5921662622494533308
9280006596271018354
16007642369508613941
15648574531026273461
17646100793390603090
8438980057070033320
7341284768740721225
16213500276281087812
7246838424740688014
1790894485924187931
8977038268429931290
10582561656454906724
3153719804468064455
16912927677159504607
2316097709947785414
8340080749782134592
2002811748837039009
5112880779534370281
8846741000213712434
9094700748268265192
3402508143968712272
5580232186182939800
1049350051599269912
6488823199098790822
14048639767304626735
14974304288437877945
12567677461743954837
17323769416861493563
9626867247232873327
8194363958692922246
213336968789319031
5438582295667091963
16960854879779024404
16076714060398795344
8505277605257961344
3938755886676732542
10943803156754645330
12437233701228753410
7398036305004815278
179533452286037715
618465421370431808
10701400907896835101
7864433047711180311
11150792062826813687
14773744990288185417
7579264402332602566
5495587081942448883
11287981654870194059
7537557495804204600
17749581979441854995
5660892707259759950
9865214459806426579
16431980518840745892
226038375563234075
12913191833852287256
702227446754740775
1980885442367108008
11358352351504267004
15774445791794730390
18010110658859874987
15436275712432807671
16287501867159772921
4366642613261920555
13832867850207356562
16090355406753867127
14922387731923578210
9419823680333993832
2668921759149456526
11119115644708023496
15498786967860952699
481413995088467021
7692763134488681384
16069211461533821682
9612789277011274714
11725505469159901612
10146558829164811807
7238751807951001968
12245978823598283364
12880465023837702268
16497315196121620687
7318265214937303551
16148075345159531521
7595739876874200593
12726701895456556173
4772010333093639566
14428874552719538617
175114517004828928
5919104248513307055
734187580566727096
6409134153780737899
15129751924630123952
241545291811387509
128659835146502706
3340777548013071940
17288005359116537121
474738248640865620
12258384608328803269
9386571725249375090
1698940352282554313
18058634610323004235
4112433617313776038
15895644624577246096
14294780806479916889
1679275429171711896
16007717223642989434
1525313561269095921
7917008730937160943
13987283296794450236
9599483228747248373
5829293403902055634
13521608957493788254
15192199682730691273
13750001978727751835
232407180251397818
4420517822388006919
18309185618335636650
4751645099977533735
6970263888999003750
3760753398148986686
17437449328825034458
12072236251328805516
9781217642201554680
18178848383933552974
18122757612929363437
13790772431968910094
13544443369442529022
12530748132008021505
13494899391376157147
7101360375030109178
9344331337452230745
7729592908575847967
7004424369176029696
10012209410822322340
16051674695657392988
7237602622449456008
4063195731374474629
14081769552502495879
553575754576105593
10292680944573093075
8208797348976742930
4682807048362204485
6707700400737517758
12305010948547885407
16984313550731518171
11687077369155736333
8396911384736587226
17181380959029467678
13348879739955448785
224625600937279702
15751046513284300599
4670595378265410090
13670298573344362447
15873484758432141344
8306073207757985387
13711215907383161373
633565552462005532
9731478035277148043
8067188542745236939
2779759475861940291
15177946107909552105
1214405541080644395
11378823782704103927
1295632213057176482
8288280223763012085
15998015371967871516
13955228773969810487
16764427864466074485
3605885418580129979
1002011257532657133
17383903383981371936
10186805485513502763
17097983730510812601
12231517361870950037
290192548908234749
343694205339034308
5405642365713120572
11466902948953900926
4608245691356930578
16722943595415513547
16651809620676248194
9330012656795008797
6289828644406949362
6834687060908699523
16139393118037431666
11356874952325978534
3358091875539433174
7526361838248088098
6604079090410424333
8068715681800477499
570460580095121299
7766731601031655675
11444815110122995028
10965648295851988153
11346436279895025790
6809893428027162280
447809677518243524
2552158722111835763
14824624240238040814
14533212043623918197
8908303245549958298
11279978844883924503
10961260185164197764
16778688116161644162
17580593388221654309
9864672254543402708
16804811553053690141
9598568557363325988
2368269772217846988
15429490993793577475
2123515122114145994
332479156638523377
9049535587682538683
33453456840293307
16656924697668607908
10430637068948463489
11520370530911381392
6932454124800766480
5581547224853806360
3274454558209431674
11854249546331664274
18289582993146575723
14192767789257520939
11998591769923083114
5004053822552211915
4764005006651374224
9889514315930473200
17821655084967259412
10291826015129402195
12755987895490116957
3456440851352711646
3089943830200476387
2677705668493016352
8904355740769366345
4586333237036728732
1670298884866402032
2910215317890497459
12656369713735827244
12767075881023670832
11234398037668758621
6729503624345419923
10949970935693714776
8429040922968565763
6354902495281681486
6241942334658770645
8181652604351316441
9789264517578191896
16863147101288373432
16793801195548549853
16811196564548030781
18155650655433936495
4944832665583300010
1455929074522239645
1535928604779923075
890776985965506512
8470235435900127138
8423618319705387249
15321348757831989773
6799902375539335968
2484494371919580156
13209599935870182773
11643703777332102856
13379261996265436979
12085310849490852761
7492269627938322886
3756710470965602412
14076713649647433900
9129436129133041934
12435263922324806073
10272169015468189227
9846454895350757782
13346705859883178627
15955707244031603784
14550934891897415389
4388732186607318920
15509389158503549188
14488467606272525265
15855463453807878033
6336050323371217740
3846133645746578672
5009349660394232764
17779494643905651028
7191974196810103609
2008713958616558509
8668764974117839628
3070710206404032495
3945036108639126263
3897168539622805176
2544020114034269192
16422469544700900496
17662022907106621460
9002268904195061806
9250595002354167799
9732753289129996890
3826566244374408814
49541635513223275
12179663512693597380
971625541364135068
9462342219953721283
9649331314796433159
12700756401181123497
16467926645950426522
8836218902277708265
12194799608350144991
13098902410545757524
14980438411756638948
9657055768955151865
9403794409315691686
11487288645002188399
12704275613141721381
14949816162663124263
10021203892812995442
15925532077274812166
213695981900995167
11864294717321864868
15454613507155059518
8758044823289360009
10381528305838891421
6414135127227552915
16503945366382124048
16965100519578824338
7462777614814896137
5242415120691031388
8574283997391444998
2120531556755801960
2024123710813159395
11613998001570222996
3610662160070364475
4999405323912234937
14634118504546680888
17176277190370362262
4857605711458843672
15427807435269136226
17996470054460253918
4887079471742642685
17441053257428604279
11046395561826249929
9521087785931386927
12163324425120660797
16681469556594677988
2528380932760124798
9975703531554313021
3838729351765943772
3439061897956890510
15625997354115480150
611659329956859622
10829554970304151897
17416016847850098339
3699745030367627994
10188461235741782217
6528576520770104223
5930790804508221277
14687267220788713301
5786878382776666333
13475119064476113020
3887671787328815024
13972707428828434726
657979932225122565
9143274442287794396
1918524975113327884
12476275208637287666
16657670067106246694
2241833026568118528
18112501015822063149
15119312139305121355
1033497481372312861
16142245168949925345
7244687625965923011
4103383460941534511
7576524366308978344
8762427234347144091
939495888638269644
5077136979260292603
9722105318147213543
13339348278374728385
17580606266125327300
14564046827441258284
5688542742885114429
18332532193413005107
17365663952639043609
2534248447657774308
3416107725385950569
6858733105584674170
2083835081760394823
13107834683209304642
2147816585603821284
1899945512169771037
2120254830466385817
5254567452670389302
11123389414729679974
4763480166927254627
11032363363571889126
7650867524312147405
9872151746640334276
10155044372096653508
1153449498495488236
16099336901553915578
16630337039921517702
2780798225043066365
6505296500556366170
11511128786687712896
7882874883689863225
16518835381597935896
15265277784439496271
2300070424420462323
9213296199011610691
7185675852477146168
17760507915941186487
5366433200633015150
2200600222039800619
812499329705539206
2860256965185625336
17875343658723329223
6870503234126290761
14135947193059134862
15493546181292982207
18039568061796279849
6471627232451699482
5122535162428802431
4462339332747546099
10780068395369187718
8446852806904837134
16248809283362780801
2757688459382770795
12553628042805376987
6471660929440500093
1497059085828678207
3215286810881130375
9596021780395544777
13365166101257842880
12893390656972069835
17981646305628653419
10890333753314838375
17424460058376745719
1250095662690128384
14740886195020387385
5948686067203543976
4921393130415615755
16740283425984234186
12766395634730990979
15159194080444097417
13930460405906067464
15780035478975585094
1199950187845090073
18236323132613977217
11410659831125441432
13655609316953557856
14470931142679518960
10016520557041951533
16472446346093594687
7941664313280325783
7027125432427241901
7104453302489362698
12370795999678573818
3862894410935957378
5349419314613984411
10892730374333557652
9697980619205473719
3431283304367615269
18350544359735552281
8444655123848225873
14844209817066802140
7429782689824887929
6095034794554467931
2207079972967123808
17928479063998400535
17781782741437134330
4220182829418742356
11959312887675198156
6263527117668480643
6493125343602714421
5333672808078085773
8452212673456858954
9129732006312826806
9613768147322099855
3880144998154215444
10993189490151400404
2922270131957882593
10711442145336706340
18147504501627563883
16969088758111880706
6739731631250482313
15870069660168554212
16979658707175217441
9013588126830776211
3851371005990979216
13946465372058015203
6772843077986648038
10281020373821654652
4070968999328138187
3009526632392750205
9990041903862222984
17751860058948419674
13798264989240924648
12685788165956688036
10773868827934546789
10755718104149119774
9663700700474906487
13547611675505713634
3912257017764580416
11476924442422109001
3465529834173565136
13459579043526894641
3475328767466235871
1286473553981181811
5001933513309067988
10055126343081877331
1736369843707675943
5791848666473438174
15375893147120558436
4066076341816664522
3880977073678319986
5035236885561240549
15071648315595544922
15084258488174055396
15191460060525391211
15204174636525923842
15490013908560620169
15509367482025848441
16022562392219741118
16209479369839972239
16449438959891233138
18112737970601747730
4413688787055316491
1773986678900991784
16740424409898352113
10211938742390778196
17072358487385526873
1716066595796869433
11348786653263238566
7557808967529669641
18314580413539552634
16040958448228925032
14253895496865628877
7488793713011171023
14014235310766373304
14175085191346401136
3176848410415090911
4261497656046560273
10830886718934382443
13405274797962839319
5772914737009455069
11768804691364382522
6630153191777932212
11782379756817983525
3003097649501869470
12840112282736964808
6288378254042753268
12948409649408182832
5036692725326175484
5935641286615270803
721384335490046173
3001604462047838118
6584819647670324341
3884014910735419038
2560952149045774413
8972873650761664763
3340358323186451842
17311681986509840491
12033655592475546985
7319650461371582194
10290659266978684316
6064792262210033109
9177410553575248846
6628740400821717137
13988556091919277119
17611933800462388554
15674448851972889504
14286613940091024667
11807308469965520165
107273729349450115
4918496450955910033
3034343986271748399
599737395921877203
13514805131940645544
4515423060867155060
16640358042287404065
7912538756781457616
6800759770266579653
10618825770595606322
11800937942587674424
5672839657458538924
16481591409956534117
18394686161247214000
14597995343699537300
12323921035277113151
1642110269651554967
11325109168732815255
10172577158415513718
10397463676181716566
10400276801648493892
10400646787780481198
12525606997497509880
12690795761270177943
12956564114828101020
13027161534513364620
13356668555804335492
13731075286319177717
14026825471682525333
18094002615533445007
14035766793007011871
17479841952635119954
15333766830037626908
1948935602384494627
1408373008310953404
304810752081695209
1778008062134220155
4774121626840578652
4403880577578791658
1823436593714664873
1796666007162204115
10034234990554327192
11533926630299670998
17768393837840353078
12637305020143879661
12168060493747003367
13523718889220604973
14407517548096165782
4514199849173820054
16732960342870950104
3348186584764379897
18388311471564507172
14133740309085422746
14364350761403701929
18220123224955263225
18239510639265950816
18403728029161551624
2128640528270537408
2142312539889170551
2308823694509875270
4335637982076365765
5112698177005447257
6207457603530455829
6361578380498728282
6503165512965348773
6628661279778679530
6635041078766882582
6764449540249891576
6908264235537389725
6946362813368803251
6976480869809477275
3686897480482367448
2843833635517453767
7611334882535793078
18055748268804859846
11650986116902900929
11625563554328859162
5072225849917384668
7088294404598224811
15332818883576002548
5926078894511483906
2674434538207600746
13294564938735255769
14220525622042127721
6484266431361941622
17403336842845874153
6119902577934594590
17854511292450424225
17100346323689085274
9109190381505222989
986203280474053090
12193643102531074876
13475375633511455553
7118894381205203888
4632787071334229175
18215340323792496295
11262550651944047782
11781748850580380965
1597830832862399811
3185582421885481113
881809265187719453
15534160113284901437
10539649499245029766
10772588325728292986
10808046717288560784
10999377718351997570
11059790261691697599
11060189945763814525
11746020264375711
11834407934256058915
11849230316678246824
11998876230231588397
12505008766004847719
16609726961394878990
16658584592118744058
16865872698432941591
5899382628339742283
9236363550213246067
14430665936758110008
2632745911902964285
9992484068743030172
16326721651881452300
15843579008936622712
7441801951225717785
5281765727725804953
3450368040628330074
5677101719613783314
4131373013151366744
7726875142665370740
11502558513791572891
4021428598206187607
7200442908933197464
5192498262985215538
2530566250586228882
8789605980707960946
6353408740952141221
3010314577072793931
16931932963476695957
16954578030357479376
16988700612930933254
17160530439695678343
17245274165711117377
17502466211381165873
17630816368665542081
5609079549066211608
5633376763623773246
5634631567617867760
7994031941689263972
8142051588480432635
8611736799891594286
8619599839353007033
8737646110995232658
8771387428881497447
8784088893550540519
879253663708699079
2260217577474642721
5050181361356675254
1865206292335006817
10081004848677029030
3244052547078567656
15831135057735646848
16861884883562265780
6485924428873540352
15612472781887438693
14813038511301142303
149246952040638225
14013313629930383102
2725630718554506976
9537146981872344206
4910420448686306812
1550167567952887485
9800542930501409449
10317927993479737855
13215172321803277500
5664552061041547183
740066200920624035
6646659154251296533
138264492833455436
8592526446869085359
6619066236692821381
7375934713003037596
3949642009981174165
14757762611846598148
8797767799292220256
8684877072107868156
4422484097635368636
10532098986215139968
5663068838782287916
9978910193935885350
8423386134201547402
8085180758258108279
13960466190369115445
9847759019769525701
9736432617411698346
12064597311456308949
18107886522836522272
12515285881761584186
9283962578936054848
18169646573789965902
17416468023743241603
2291786946905192412
15257724252563828859
12699159013522414861
21582484989836518
7340970664837916730
15638213621393851684
8294395714278497228
2485353553379649352
564629708523059790
15023674349340317520
6766439367800904085
13596109068722712377
4518382542111118342
12267437365325162827
7608079813937565733
4709457060482563195
8320145059440572717
10868362398399588360
15026903932707702753
2938828237928027765
11096570911449779281
15310391545303013770
11412459415902350796
10419590869996757610
11977320217113556722
2284581435349737638
3311028245314911466
17558637587171850800
6764659764252442978
2506348992349946608
2891632875915218866
3470088233513136857
3737445766861103467
3744483656926802836
3781350330819116655
388167129203701550
3954207988348247376
7679580376211768874
7808142484660779447
9722939804673574086
9832594093483636368
12546390807363717741
680513539564812293
5464919326531330367
11902530910968301268
1033662448273069793
9679788345593565784
12821681400061701575
5743282158034310797
11448494961055582986
6247694008668863404
8333654578660965461
12224309895134082349
7317197141683440297
12643024692553238937
7403266499768693510
7258723004333497726
17279050657437659765
9431740902418716551
8900855205370536084
16880990419702206135
4580509571769938806
12344410939253184238
16102061578604214843
4298442026124451551
12830673119192406868
6465560743648446563
9164779291235331475
1066003418459920217
16364223058216161762
7660376566158515900
15239529500909999237
11078308103115072521
6137539917805630429
16049819738131462515
14065360659154692318
8293077851910880667
1533623128319288245
12880071236784901285
15034456101025224464
12255131126684625244
695985101960074556
9384098656244219775
18370153631948174333
12620714182807366130
9245309711839674858
5276520765934969040
1643836217245060182
4164977947344513360
11648564486317861643
17223909065394737901
692059474507158941
12648506214676397333
1338619260349620843
8496776411821328619
16052548062431923866
14836049458777931489
13018705056603963094
8899575618034534156
925362862071149629
10634181432018379262
15375854532334136564
1788043103296425568
17247385174874984109
11057122292262628059
10975552204276272579
1343077587384244817
16640626848213169396
3305280071990411564
14965633189143117032
14949449959886821954
4707314002422707649
3107528699005153767
5924627622266366047
16382921149975688244
13275607714682337047
6568812676491123924
10432459877213605032
8418619579583717698
1389296014821494747
9831035701177981896
4397852899622050730
1592389126609145519
13523798200441754087
3018494452780982921
16508864119811382915
3564647267554814811
15743290186724091051
9437443353307717928
1531306927818795697
1030651082766096032
14551562600354741660
14134759529403649383
5019221332961917565
15780754367917980123
3038209779971741026
6929832688231756378
16492904570777601682
17304229550273897502
4356991038600811641
10072332597664985138
16552056473930823314
1978852133133002898
16593679180788896798
7698167190046992875
17206168782797841795
100073518862531022
18100727751791054449
16411518392797899019
1240028243010745342
9511145958314221542
14952121760349051039
3287629743108954154
5650649898233405201
17902410948299866963
4166988843745266467
4170276025007034100
10207930382951224076
6949903415141773220
11830191241682492365
9459892899190792132
15316233455124760452
1028902557631701577
9183940090680291510
3228107204452428872
11463297623016224211
304376199160252084
3224149394751242055
5663920760993490647
17080372148173286281
5762133990608677746
16881803813527810897
17412495947496612311
665315779722876490
12827511787429412188
4761437865773685769
18197439742043035603
3025185000446257136
7850315371460485834
1023678856671939497
16174965377860944839
15979057781123356589
545928713099625897
8443928178248186447
13683401488656327652
16478059722995108016
15328182559488016074
12300419140210998860
3355284089490912677
5933165684207644941
845184690276089378
2536039903887527504
16088526423698143843
13733437227298059013
18346398756441975001
8234660663435434776
8568623354497374122
13538639225253024871
11575083035548827870
2987350819033401790
16719769297354292346
381572073243389014
3733361763150145180
5659236139440629639
18106821293935578574
16445467610154997770
15296498006992926751
499800147930666325
5152668408536257898
12092719962327330639
3281903090416039181
16258410996631672786
9819853965138306769
1134984183428928759
7137131807930370255
17627165140938840488
12501826964448889499
5708645695266324299
686132946351687687
8312702009944144603
2367270372138875913
17452182803017162407
3030352772924420675
15671032417623661811
6680446885661013596
14403718638413689745
1117354538503579552
13475307015758625110
8497557304477582670
9678043781838193818
4197678176981103876
16550766042736257283
12889016219265533121
10082026469201832438
13774526169816512007
3528783153012412528
3931514844335357474
4569786277204449960
5114383691621804964
10598111379789949010
9096263809134870606
16501975117871955224
1501610808972976774
5826383721337160777
12691657476693764727
5989670277967029413
17585971541389172904
13841872318660403012
14987041097207269117
11595564682735671752
12706718790837644462
14282286467180072364
15679191581303430907
14346018498932517480
17841563112887132031
18248060846087510219
12672820393131195395
16304246308153332226
543813150221012274
7141108199081674757
7997094307309173165
1673294998181129348
18230728745925074032
8104356941900371217
2013677350568365055
9132403822715226505
14945385801967467729
10452705338193877729
5216546344338286828
5002417037982673864
3915123843617989430
10128083596440330555
15396759729437752888
14106913970120327913
170084025297629475
3677220084182619210
1686518336053980422
686396164807175077
7952153001831546341
10337294953796206109
16289229727746706411
16974065355291900975
15822834489095622327
3682825525721737639
7215062058522520499
9786488302537467937
6036506032141908787
6141306941628869023
5038210666896357823
17971490871485896269
1669715653177496630
6769987165899486413
16452041341094891751
7609666890088881878
10896100779663609923
6053357884542972247
4528334945685691465
16198583343154734206
10461200994039131906
7073848825079376064
18023368886794135503
11606094256231345278
12345560419033558035
18030200313270757340
4133967795663869812
1245799300320898668
15270181806030279542
4687748916989513783
11981222634321365234
18084277293320435280
14248910055745172620
17374476198186389690
571262336650305503
14310532833222246339
9072656028697354231
12009772830501916593
11604757380893799656
500092177202940274
11995993991434943608
17270931216141823632
1039665443539154281
3640850331546542013
4931003648442377753
17788705248553269115
15751992629853641511
2663489345699995153
13788530190734457219
9741263417975416125
4706740741018480923
6169236161858192497
11939911868161561283
3911344166848588196
6357785514195873936
5361299047133812648
13029058748180984963
1820660826309163828
17215977993243706235
17056242889470630185
4717794853539956464
492081318445640001
17906874073842291806
10991831463611191530
2767882806517331321
18242640845913317978
3140395655931804451
2995036998736446031
8657010266341247693
10020932447727136025
2552261703071846340
12080423585796088532
11625092667797883018
17077771313865000141
3566436585579824770
8171330910325710258
4227140538884333229
7661471314563323903
7931523731832513567
591621072984840291
2994475440032862569
179935166526811497
14851665265550814880
16055027224472250950
1685595574539869845
18194266942587784987
7583816263176141377
4518231713495728274
12601009766183748677
5745482895625484157
2615782840834908809
592092332495910415
13578816421736950459
7544077924412317593
17903287312602838548
13508782925401997786
5169197601475978438
8451923879682757238
10823091098139631049
18338021715645096557
10184909478904730308
5276356690494502434
10973497868194458441
8172330433391171343
9446825919108103560
18224349408789608464
8558200725469244634
3325971477661554162
15968406495564479809
17321443044471798850
17347735781038958181
886956477886658117
8228829869393842638
15464131405369187360
5187766235871103537
7286998191047349709
16408344255712603862
13969515937715966910
8366272788910213095
2259810947434266784
14112050897693360216
12732825816695958566
300614006927558459
16921086173456941714
9033786941333696747
7591441955576671927
5430448012157406294
16120779671103642632
11054101023492505524
13640372895884582082
11476412636609566653
4160104957613789523
7075754755724631136
15485473257434855351
2100126026922961667
445425578511070992
10988766115850304739
5923798560989258284
4898538753555449535
14666918381622961403
7113392997698702578
12476329163085634918
15164430955386304943
13403570801348922133
17725094598972694839
13842856418637793796
9798601675597051266
10699312834082876540
430665137510482366
13993094234873793013
12400149516684018151
17012784809126881533
8988989486943520145
9412443079933023570
8275533230640349983
12335514050024680281
13665481157510898827
16618003752834840168
2115958011149280514
8974580162643494898
1757853433474100753
3950315675198551879
13602821008810966947
3155471173105055218
9979085791883005326
18055574909511493109
13140551561700054925
10369236155694155781
13100580882236489248
6790634114062989630
7260517564277837625
3155493865081125780
7720965081427082918
18401914526986382094
4076179502675358494
2127196364987861834
3466905398077693403
18174935298297086174
826709523927937919
5402038962432951768
683548312590386284
14548377463600409801
6329956952554269456
4909202645729098230
12452916189897050635
7408001192018391936
13624124132481061494
12844949428096170189
7249959254163395056
1796376393974424654
13558585264526042194
4411930641296675292
13129158763489816204
8248642367907268431
7096715085138567165
1340037866487907593
4423005712742605807
10107269810340100287
2944411269858634164
17181573798338960958
14752395241167190119
7991191459109541382
3961175596014371399
3972812348983527819
6243964600934258516
5148145458462584414
6137719794365891766
2380056434099179040
7016338668637863423
15405869385237602131
8749999969117104183
16397858796428575368
7762670528885291502
8068368761270780207
2803147563909390765
4817698031501006899
6884805266934966387
12234913156759246764
14022697070421495161
15633236283554597662
6924512899108420460
11073982279710347877
17256748237182736717
6209197799032889013
11756762607552464070
4527137133284153711
85583989023871267
1779003678151885011
14381041420020715029
481842390509173652
10476714862519093857
2732808495876506454
17472643489147264425
3115798450943244296
4737239241800212457
18181961253266504400
7466772891627134194
3561733604349206939
8375908915926089456
7465144380431777557
161954241412007549
12802756026117067895
10831033935761628997
7292083290860693234
4060974681569145215
6816020887960510451
1129365397576352456
10568801090629598592
12452824152721460373
9821861095284414735
9768087378289373248
10307363149437131965
16399749100410510193
1368796201450556099
2685873260766224205
10829365969433532286
7507144048370965422
16404581481308147715
12281711486843112441
774337509810980420
2805660806573411786
16572460633681500116
14400684623325482704
16928331113123949419
1286277755944311854
4756806594737722768
2315771655085344607
14259480218391289462
4123932788370543802
15635416294352046634
12018577651107684288
16949329386044493758
15031762718198974851
9369426293206501717
8049695943969768824
17141445077174020283
9764746013321976986
5849110015554220207
7393195491514976061
189223563915506185
17039637316965982579
13658839001787806646
4438807150079583741
4412056288516984123
12922817079458826224
6895209078591021634
10717113685974049503
3385271933793276165
7923545157959348972
15735656554977816022
6026184747642888685
12172129564389532196
13911918334490881345
7477942147149301049
12517195356213563340
8289926393704995788
6994999143017568390
4738521063742136441
16213443282604019135
4139297622509368622
17903519446401382144
6837791251988440596
14969645234931549788
1975954139176296724
12695531218400638798
7530993005171174110
9776050457927197460
8349447722631627416
11724687740179507628
802884668190490418
11960218113192508204
12572660742806847249
4262828422788704498
16331694503304189008
6883259654977838076
16452732149928816952
7127912101082065712
8943987771464386786
12154449318184505578
9200393965052503206
12832234407115780813
3217057303894446835
12638210255851687787
3640776594781705380
4553472703079222089
3491208759849381442
16358809743520669008
519120463878918810
16949504719374987210
2030698855801574761
13020184050214648618
5231938320197000697
12515935056899418223
8348401083979897750
9921702677103053673
4649119062955121298
15650627356103483517
15864008073006390924
8738838333803008261
10852798143088703601
11573864097852366918
9870013510016400785
2486995052091751270
1669182012695486273
7219171911049022459
3561552647321711451
11768301179553937648
9973330324472064905
16088471412718715446
4418085108562539189
17611595321195409420
17890002538364618637
1938578547323150156
7412153497849186357
14536003166616655951
8787907546166043978
4816610675350509064
1717413222931146123
5190481328403504084
7679301736258372577
6366574653402074231
2004701737073451622
2548928744165044024
13401398882912708160
17528841376280870890
5778559170871653675
8008237352655943519
3313223576140559718
2994314719704643523
9560712051226210397
7356655024944185986
13879921841860458019
13452426428833246370
7271963957020956408
10247635963715676908
15365696596208148509
625851340274366118
16096189965103869917
8601053311688668216
7795730963103039764
1038525649823569606
5510774984585739338
462194398289479100
14597345652533137583
7224736219442687524
936638947536606037
10528003026225954419
3616265748047136601
7242054597044526191
751631144151964152
8235783067927161763
7527942675371767547
3885907275086602005
11939452882229169250
6136880395852742895
11775132116046164721
15356778970470239594
17739182576762668081
4055644081893441619
13148408897429777629
5072590000082793527
12448232294717718487
7893716779917670122
17518182736399378264
3735710756137317763
263980727465863349
4396610382081568595
11859462793193626995
9021184013516649600
9305256795725894244
15070963619793054729
3522791367325464336
8611989282529266302
9963342706350302400
5457333975833532716
4434063518282538391
17775073616295852884
207474463573787214
15858525616214834479
1234992690933396580
5008035057994871753
17472983325421791857
15923693735779233396
14695841294852538402
12507920761498438920
10794249765919670116
6736038224609178157
4164426377779708851
1491056592257301609
15530112490814776982
15358070555861320715
9792591731229950457
3593098635129922070
17431219560508725165
5893815874783640633
18220094443004469036
5515374943505669770
5360358062266255733
6150135607780171749
677142159048208394
6092299780771854445
3901601123483344505
6382974274980035639
12953376052393906094
14171061681166457414
16951265284314500933
11012046329301458406
17971919537403037716
4680128701207266294
7756714425600963601
6262638427985796359
8919945710976059630
2960494345670742070
1059924757614527442
18016938730635074078
14108035574196415100
4011489936890322362
2517538207919570373
7786899787122688705
1931344139472471175
10882519932141733068
8400863567469829491
15017093542396436954
14340681892147345478
12700906299564216858
812575641685106662
3366690176541065488
15881435702599542042
16970782709150879359
3252444776744595130
16178266570476697522
6656761913264058134
16337976991952496464
10545407280871682231
6365040935662843018
15623572501402491400
17198590997074481063
4300402351944950850
2793349241828953143
17797639434444852388
5012738299012172778
9790663164899041280
2478407870143240580
10262342084202864510
5091165979150370674
7873419978391261107
4794641263300305021
13792937070473126087
7775714462711090937
7499396974846932825
8524535994669313832
7403678077281395134
6390471085835592095
11750024756153343542
8661189330115077084
17076697796064567708
14188148935490657908
1441177362920339778
18052203834018118984
16876233690003120120
3917890505566735617
17678733700329757757
13059590206389392513
17386924778302790437
4715537126631273671
4832755789675215121
3451163330595334736
15384818904426491376
3227052026725102706
6488218792920057305
12009683709741588485
2374276145447997779
992142914767641024
10963454465826627185
5344912836901112830
14526153994692673537
5139387853003220493
16574933398354763917
17775857189413661282
16579038786147991159
8964122028010507401
5081674070047057675
9353279549616501258
5208220302044724289
10429672619570610885
9347459454429286016
10433638459628328389
15586124469921189990
6964057346879211504
278722552643752592
5447242038458325797
5773177372439902660
9397676942864770560
14754479197954469025
2961539867802663177
1352803829836161125
6958185579582276369
8478016817258834620
5343211423087668378
11837267362851707733
16617040631566235400
7338442293849065822
12377619290027866693
8084937025786865958
9360662055256946380
7688138937444982663
2732653958416378149
13429684041438577382
9932651242697017359